acc_bias_x: -0.801651
acc_bias_y: 1.72345
acc_bias_z: -0.22166
ang_bias_x: 0.00149071
ang_bias_y: 0.00388548
ang_bias_z: 0.00161095
ang_z2x_proj: 0.143694
ang_z2y_proj: -0.19373
